7
4
0 1 -2 4
1 -3 0 2
4 2 -28 1
-1 0 1 1
3 0 -21 1
4
-1 -2 0 1
2 4 0 1 
1 3 1 4
3 8 2 -2
2.34 1.245 -3.4 1.234
3
2 3 1.2
2.4 1.6 2.44
-4.6 -10.1 2.34
-1.7 5.96 27.21
2
1e-17 1
1 1
1 2
6
11.200000 -1.000000 -2.300000 -5.100000 3.010000 4.000000                                                                                                    
-12.320000 4.430000 -1.970000 7.060000 -3.761000 -2.370000
38.080000 0.695900 -9.915000 -13.396500 10.760500 6.996900
31.360000 -3.199600 5.108000 -7.502000 14.158000 -24.163600
0.011200 3.329000 -16.198300 -5.847100 2.867010 19.874000
13.776000 -25.872000 37.351000 -12.763000 17.052300 -24.102000
-52.209  53.2264 -181.190905 -162.03878 -62.915509 -47.639170
3
-3.00000 2.00000 -2.00000
1.20000 -0.40000 0.90000
0.30000 1.00000 0.50000
1.1 2.2 3.3
30
1  -1  -1  -1  -1  -1  -1  -1  -1  -1  -1  -1  -1  -1  -1  -1  -1  -1  -1  -1  -1  -1  -1  -1  -1  -1  -1  -1  -1  -1
0   1  -1  -1  -1  -1  -1  -1  -1  -1  -1  -1  -1  -1  -1  -1  -1  -1  -1  -1  -1  -1  -1  -1  -1  -1  -1  -1  -1  -1
0   0   1  -1  -1  -1  -1  -1  -1  -1  -1  -1  -1  -1  -1  -1  -1  -1  -1  -1  -1  -1  -1  -1  -1  -1  -1  -1  -1  -1
0   0   0   1  -1  -1  -1  -1  -1  -1  -1  -1  -1  -1  -1  -1  -1  -1  -1  -1  -1  -1  -1  -1  -1  -1  -1  -1  -1  -1
0   0   0   0   1  -1  -1  -1  -1  -1  -1  -1  -1  -1  -1  -1  -1  -1  -1  -1  -1  -1  -1  -1  -1  -1  -1  -1  -1  -1
0   0   0   0   0   1  -1  -1  -1  -1  -1  -1  -1  -1  -1  -1  -1  -1  -1  -1  -1  -1  -1  -1  -1  -1  -1  -1  -1  -1
0   0   0   0   0   0   1  -1  -1  -1  -1  -1  -1  -1  -1  -1  -1  -1  -1  -1  -1  -1  -1  -1  -1  -1  -1  -1  -1  -1
0   0   0   0   0   0   0   1  -1  -1  -1  -1  -1  -1  -1  -1  -1  -1  -1  -1  -1  -1  -1  -1  -1  -1  -1  -1  -1  -1
0   0   0   0   0   0   0   0   1  -1  -1  -1  -1  -1  -1  -1  -1  -1  -1  -1  -1  -1  -1  -1  -1  -1  -1  -1  -1  -1
0   0   0   0   0   0   0   0   0   1  -1  -1  -1  -1  -1  -1  -1  -1  -1  -1  -1  -1  -1  -1  -1  -1  -1  -1  -1  -1
0   0   0   0   0   0   0   0   0   0   1  -1  -1  -1  -1  -1  -1  -1  -1  -1  -1  -1  -1  -1  -1  -1  -1  -1  -1  -1
0   0   0   0   0   0   0   0   0   0   0   1  -1  -1  -1  -1  -1  -1  -1  -1  -1  -1  -1  -1  -1  -1  -1  -1  -1  -1
0   0   0   0   0   0   0   0   0   0   0   0   1  -1  -1  -1  -1  -1  -1  -1  -1  -1  -1  -1  -1  -1  -1  -1  -1  -1
0   0   0   0   0   0   0   0   0   0   0   0   0   1  -1  -1  -1  -1  -1  -1  -1  -1  -1  -1  -1  -1  -1  -1  -1  -1
0   0   0   0   0   0   0   0   0   0   0   0   0   0   1  -1  -1  -1  -1  -1  -1  -1  -1  -1  -1  -1  -1  -1  -1  -1
0   0   0   0   0   0   0   0   0   0   0   0   0   0   0   1  -1  -1  -1  -1  -1  -1  -1  -1  -1  -1  -1  -1  -1  -1
0   0   0   0   0   0   0   0   0   0   0   0   0   0   0   0   1  -1  -1  -1  -1  -1  -1  -1  -1  -1  -1  -1  -1  -1
0   0   0   0   0   0   0   0   0   0   0   0   0   0   0   0   0   1  -1  -1  -1  -1  -1  -1  -1  -1  -1  -1  -1  -1
0   0   0   0   0   0   0   0   0   0   0   0   0   0   0   0   0   0   1  -1  -1  -1  -1  -1  -1  -1  -1  -1  -1  -1
0   0   0   0   0   0   0   0   0   0   0   0   0   0   0   0   0   0   0   1  -1  -1  -1  -1  -1  -1  -1  -1  -1  -1
0   0   0   0   0   0   0   0   0   0   0   0   0   0   0   0   0   0   0   0   1  -1  -1  -1  -1  -1  -1  -1  -1  -1
0   0   0   0   0   0   0   0   0   0   0   0   0   0   0   0   0   0   0   0   0   1  -1  -1  -1  -1  -1  -1  -1  -1
0   0   0   0   0   0   0   0   0   0   0   0   0   0   0   0   0   0   0   0   0   0   1  -1  -1  -1  -1  -1  -1  -1
0   0   0   0   0   0   0   0   0   0   0   0   0   0   0   0   0   0   0   0   0   0   0   1  -1  -1  -1  -1  -1  -1
0   0   0   0   0   0   0   0   0   0   0   0   0   0   0   0   0   0   0   0   0   0   0   0   1  -1  -1  -1  -1  -1
0   0   0   0   0   0   0   0   0   0   0   0   0   0   0   0   0   0   0   0   0   0   0   0   0   1  -1  -1  -1  -1
0   0   0   0   0   0   0   0   0   0   0   0   0   0   0   0   0   0   0   0   0   0   0   0   0   0   1  -1  -1  -1
0   0   0   0   0   0   0   0   0   0   0   0   0   0   0   0   0   0   0   0   0   0   0   0   0   0   0   1  -1  -1
0   0   0   0   0   0   0   0   0   0   0   0   0   0   0   0   0   0   0   0   0   0   0   0   0   0   0   0   1  -1
0   0   0   0   0   0   0   0   0   0   0   0   0   0   0   0   0   0   0   0   0   0   0   0   0   0   0   0   0   1
-28  -27  -26  -25  -24  -23  -22  -21  -20  -19  -18  -17  -16  -15  -14  -13  -12  -11  -10   -9   -8   -7   -6   -5   -4   -3   -2   -1    0    1
